<<<<<<< HEAD
# stanje | akcija | broj menjanja q vrednosti

1;1;1;1;0;0;0;2;1;0;0;0;0;0;0;2;0;0;0;0;0;0;2;2:Plavi;1;3;8;2,6:Crveni;2;3;8;1,0:1|POSTAVI_4|1
2;2;2;0;2;2;2;0;1;0;1;2;0;1;2;1;0;0;1;1;2;0;0;0:Plavi;1;0;6;-1,-1:Crveni;2;0;9;2,7:2|DESNO|1
0;1;0;2;0;2;2;2;0;2;2;2;1;0;2;0;0;0;0;0;0;2;1;0:Plavi;1;0;3;-1,-1:Crveni;2;0;9;2,5:2|LEVO|1
0;0;0;0;0;1;0;2;0;2;1;1;1;0;2;0;0;0;0;2;0;2;0;2:Plavi;1;0;8;2,7:Crveni;2;0;4;2,7:2|GORE|1
0;1;0;1;1;0;2;1;2;0;1;0;0;0;2;0;2;0;0;1;1;0;2;0:Plavi;1;0;6;2,4:Crveni;2;0;7;2,4:1|DOLE|1
0;2;2;2;2;2;2;0;0;2;1;0;0;1;0;2;1;1;2;0;0;0;0;0:Plavi;1;0;4;-1,-1:Crveni;2;0;9;2,2:2|DESNO|1
2;0;2;2;2;2;2;0;0;2;0;1;0;1;0;2;1;1;2;0;0;0;0;0:Plavi;1;0;4;-1,-1:Crveni;2;0;9;2,2:2|LEVO|3
0;0;1;0;1;0;0;2;2;2;1;1;1;0;2;0;0;0;0;2;2;0;0;0:Plavi;1;0;9;2,7:Crveni;2;0;4;2,4:2|DESNO|1
0;0;0;0;0;0;2;1;0;1;1;1;0;1;0;2;2;0;0;1;1;0;2;0:Plavi;1;0;6;2,4:Crveni;2;0;7;2,4:1|LEVO|1
0;2;0;0;1;1;0;0;0;0;1;1;1;0;2;2;0;0;0;2;0;2;0;2:Plavi;1;0;8;2,7:Crveni;2;0;4;2,7:2|GORE|1
0;0;1;1;0;1;0;2;0;1;1;1;0;0;0;2;2;0;0;1;1;0;2;0:Plavi;1;0;4;2,6:Crveni;2;0;6;2,4:2|POJEDI_20|1
0;0;2;2;2;2;2;2;0;2;1;0;0;1;2;0;0;1;1;1;2;0;0;0:Plavi;1;0;5;-1,-1:Crveni;2;0;9;2,3:2|POJEDI_10|1
1;1;1;1;1;0;0;2;1;0;0;0;0;0;0;2;0;0;0;0;0;0;2;2:Plavi;1;3;8;2,6:Crveni;2;3;8;1,0:1|POJEDI_22|1
2;2;2;0;0;0;0;0;0;1;0;0;1;0;0;2;0;0;1;1;0;0;0;0:Plavi;1;5;9;-1,-1:Crveni;2;6;9;2,7:2|POJEDI_19|1
0;2;0;2;2;2;2;0;0;2;2;0;0;0;0;2;1;0;2;0;0;1;0;1:Plavi;1;0;3;-1,-1:Crveni;2;0;9;2,2:2|LEVO|1
0;2;2;2;2;2;0;2;0;2;0;2;0;0;1;0;0;1;0;1;0;0;1;1:Plavi;1;0;5;-1,-1:Crveni;2;0;8;1,3:2|DOLE|1
1;1;1;1;1;0;0;2;1;0;0;0;0;0;0;2;0;0;0;0;0;0;2;2:Plavi;1;2;8;2,6:Crveni;2;2;7;1,0:1|POSTAVI_18|1
2;0;1;1;1;2;0;0;0;0;2;1;0;0;0;0;0;0;0;1;2;0;0;2:Plavi;1;3;9;-1,-1:Crveni;2;3;8;0,0:1|POJEDI_10|1
1;1;1;1;0;0;0;2;1;0;0;0;0;0;0;2;0;0;0;0;0;0;0;2:Plavi;1;4;9;1,0:Crveni;2;5;8;1,0:2|POJEDI_3|1
0;0;1;0;1;2;0;2;2;2;1;1;1;0;0;0;0;0;0;2;2;0;0;0:Plavi;1;0;9;2,7:Crveni;2;0;4;2,7:2|DOLE|1
0;0;0;0;1;1;0;2;0;2;1;1;1;2;2;2;0;0;0;2;0;2;0;0:Plavi;1;0;8;2,5:Crveni;2;0;4;2,5:1|POJEDI_7|1
0;0;0;0;1;1;0;1;0;2;1;1;1;2;2;2;0;0;0;2;0;2;0;0:Plavi;1;0;8;2,7:Crveni;2;0;4;2,5:2|POJEDI_7|1
0;2;0;2;2;2;2;2;0;2;0;0;1;1;2;0;0;0;0;1;2;0;0;0:Plavi;1;0;3;-1,-1:Crveni;2;0;9;2,4:2|DOLE|1
1;0;0;0;0;0;0;0;0;0;0;0;0;0;0;2;0;0;0;0;0;0;0;0:Plavi;1;8;9;2,7:Crveni;2;8;9;-1,-1:1|POSTAVI_1|1
1;2;0;0;0;1;0;0;0;0;1;1;1;0;2;2;0;0;0;2;0;2;0;2:Plavi;1;0;8;2,7:Crveni;2;0;4;2,6:2|DOLE|1
0;2;0;0;0;1;1;1;0;2;1;1;1;2;2;0;0;0;0;2;0;2;0;0:Plavi;1;0;8;2,5:Crveni;2;0;3;2,5:1|POJEDI_1|1
0;2;2;2;2;0;0;2;0;2;0;2;0;2;1;0;0;0;1;1;0;0;1;1:Plavi;1;0;5;-1,-1:Crveni;2;0;8;1,3:2|DESNO|1
2;0;0;0;0;1;0;1;0;2;1;1;1;0;2;2;0;0;0;2;0;2;0;0:Plavi;1;0;8;2,7:Crveni;2;0;4;2,5:2|LEVO|1
1;1;1;1;0;0;0;2;2;0;0;0;0;0;0;2;0;0;0;0;0;0;0;2:Plavi;1;5;9;2,6:Crveni;2;5;8;-1,-1:1|POJEDI_8|1
0;0;2;0;0;0;1;0;0;2;1;1;1;2;2;0;0;0;0;2;0;2;0;0:Plavi;1;0;8;2,5:Crveni;2;0;3;2,5:2|SKOK_0|1
0;0;0;1;1;2;0;2;2;2;1;1;1;0;0;0;0;0;0;1;2;0;0;2:Plavi;1;0;9;2,7:Crveni;2;0;5;2,7:1|POJEDI_5|1
0;2;0;1;2;2;2;2;0;2;2;0;0;0;2;0;0;0;1;1;2;0;0;0:Plavi;1;0;3;-1,-1:Crveni;2;0;9;2,4:2|LEVO|1
0;0;0;0;1;0;2;1;2;1;1;1;0;0;2;0;2;0;0;1;1;0;2;0:Plavi;1;0;6;2,4:Crveni;2;0;7;2,4:1|LEVO|1
1;0;1;1;1;0;1;0;2;2;1;1;1;0;2;0;0;0;0;2;0;2;2;0:Plavi;1;0;8;2,7:Crveni;2;0;4;2,4:2|DESNO|1
1;0;2;0;0;0;1;0;0;2;1;1;1;0;2;2;0;0;0;2;0;2;0;0:Plavi;1;0;8;2,7:Crveni;2;0;4;2,5:2|LEVO|1
0;2;0;2;2;2;2;0;1;2;2;0;0;2;0;0;0;1;0;0;0;0;1;0:Plavi;1;0;3;-1,-1:Crveni;2;0;8;1,4:2|LEVO|1
0;2;2;2;2;2;2;2;0;2;0;1;0;1;0;0;1;1;2;0;1;0;0;0:Plavi;1;0;5;-1,-1:Crveni;2;0;9;1,1:2|DESNO|1
0;0;0;0;1;1;0;0;0;2;1;1;1;2;2;2;0;0;0;2;0;2;0;0:Plavi;1;0;8;2,5:Crveni;2;0;3;2,5:2|SKOK_2|1
1;0;1;1;1;2;0;0;0;0;2;1;0;0;0;0;0;0;0;1;2;0;0;2:Plavi;1;3;9;-1,-1:Crveni;2;4;8;-1,-1:2|POJEDI_0|1
0;2;2;2;2;2;0;2;0;2;0;2;0;0;1;1;0;1;0;0;1;0;1;0:Plavi;1;0;5;-1,-1:Crveni;2;0;8;1,3:2|DESNO|1
2;2;2;2;0;2;0;0;0;1;1;0;0;0;0;0;0;1;2;1;0;1;0;1:Plavi;1;2;8;-1,-1:Crveni;2;3;9;2,7:2|POSTAVI_4|1
0;2;0;0;0;1;0;1;0;0;1;1;1;2;2;2;0;0;0;2;0;2;0;0:Plavi;1;0;8;2,7:Crveni;2;0;4;2,5:2|DOLE|1
2;2;2;2;2;2;2;0;0;1;0;0;0;0;0;0;0;1;2;1;1;1;0;1:Plavi;1;0;6;-1,-1:Crveni;2;1;9;2,6:2|POSTAVI_7|1
0;2;2;2;2;2;0;2;0;2;2;0;0;0;0;1;1;1;0;0;1;1;1;0:Plavi;1;0;6;1,2:Crveni;2;0;8;1,2:1|POJEDI_1|1
0;2;2;2;2;2;0;2;0;2;0;2;0;0;1;0;0;0;1;0;1;0;1;1:Plavi;1;0;5;-1,-1:Crveni;2;0;8;1,3:2|DESNO|1
2;2;2;2;2;2;0;1;1;0;0;1;1;0;0;2;0;0;1;1;0;0;0;0:Plavi;1;1;7;-1,-1:Crveni;2;2;9;2,7:2|POSTAVI_6|1
0;2;2;2;2;2;2;0;0;0;2;0;2;0;0;1;0;0;0;1;1;0;0;1:Plavi;1;0;4;-1,-1:Crveni;2;0;8;1,4:2|DOLE|1
0;0;0;1;0;2;0;0;0;0;0;1;0;0;0;0;0;0;0;1;1;2;0;0:Plavi;1;6;9;-1,-1:Crveni;2;7;9;-1,-1:2|POJEDI_20|1
0;0;2;1;2;2;2;2;0;2;2;0;0;0;2;0;0;1;1;0;2;0;0;0:Plavi;1;0;3;-1,-1:Crveni;2;0;9;2,4:2|LEVO|1
2;0;2;2;2;0;0;2;1;2;0;2;0;2;0;1;0;0;1;1;0;0;1;0:Plavi;1;0;5;-1,-1:Crveni;2;0;8;1,5:2|LEVO|1
1;1;1;1;1;0;0;2;1;0;0;0;0;0;0;2;2;0;1;0;1;0;2;2:Plavi;1;0;8;2,4:Crveni;2;1;7;2,4:2|POJEDI_8|1
2;2;2;2;0;0;0;0;0;1;0;1;1;0;0;2;0;0;1;1;0;0;0;0:Plavi;1;3;8;-1,-1:Crveni;2;4;9;2,7:2|POSTAVI_4|1
0;2;0;0;0;0;1;2;0;0;1;1;1;0;2;0;0;0;0;2;0;2;0;2:Plavi;1;0;8;2,7:Crveni;2;0;4;2,7:2|DOLE|1
2;2;2;2;0;0;0;0;0;2;2;0;0;1;1;0;1;1;0;0;1;1;1;0:Plavi;1;1;8;-1,-1:Crveni;2;2;8;2,7:2|POSTAVI_4|1
1;0;0;1;0;1;0;2;0;1;1;1;0;0;0;2;2;0;0;1;0;0;2;0:Plavi;1;0;3;2,3:Crveni;2;0;6;2,4:1|POJEDI_7|1
2;0;0;0;1;1;1;1;0;2;1;1;0;2;2;0;0;0;0;2;0;2;0;0:Plavi;1;0;8;2,5:Crveni;2;0;3;2,5:2|SKOK_1|1
0;0;2;2;2;2;2;2;0;2;0;0;1;1;2;0;0;1;1;0;2;0;0;0:Plavi;1;0;4;-1,-1:Crveni;2;0;9;2,4:2|POJEDI_17|1
2;2;1;1;1;2;2;0;2;0;1;1;1;0;0;0;0;0;0;1;2;0;0;2:Plavi;1;0;9;2,7:Crveni;2;0;7;1,0:1|POJEDI_0|1
2;2;2;0;0;2;0;0;0;1;1;0;0;0;0;0;0;1;0;0;0;1;0;0:Plavi;1;4;8;-1,-1:Crveni;2;5;9;2,1:2|POSTAVI_18|1
1;0;2;0;0;1;0;1;0;2;1;1;0;2;2;0;0;0;0;2;0;2;0;0:Plavi;1;0;8;2,5:Crveni;2;0;3;2,5:2|SKOK_16|1
2;2;2;0;0;0;0;0;0;1;0;1;1;0;0;2;0;0;1;0;0;0;0;0:Plavi;1;4;8;-1,-1:Crveni;2;5;9;2,7:2|POSTAVI_3|1
0;0;1;2;0;0;1;0;0;2;1;1;1;0;2;2;0;0;0;2;0;2;0;0:Plavi;1;0;8;2,7:Crveni;2;0;4;2,5:2|LEVO|1
2;2;2;2;2;0;0;0;0;2;2;0;0;1;1;0;1;1;0;0;1;1;1;0:Plavi;1;1;8;-1,-1:Crveni;2;2;8;2,1:2|POJEDI_13|1
0;0;2;0;2;2;2;2;0;2;2;0;0;0;2;0;0;1;1;1;0;2;0;0:Plavi;1;0;3;-1,-1:Crveni;2;0;9;2,4:2|LEVO|1
0;0;0;0;0;0;0;0;0;1;0;0;0;0;0;2;0;0;1;0;0;0;0;0:Plavi;1;7;9;-1,-1:Crveni;2;8;9;-1,-1:2|POSTAVI_0|1
0;2;0;2;2;2;2;0;0;2;2;0;2;0;0;1;1;0;0;1;0;1;0;0:Plavi;1;0;4;-1,-1:Crveni;2;0;8;1,4:2|LEVO|1
0;0;1;0;1;2;0;2;2;2;1;1;1;0;0;0;0;0;0;1;2;0;0;2:Plavi;1;0;9;2,7:Crveni;2;0;5;2,7:2|POJEDI_19|1
2;2;2;2;2;2;0;0;0;0;1;0;0;0;0;0;0;1;2;1;1;1;0;1:Plavi;1;1;7;-1,-1:Crveni;2;2;9;2,7:2|POSTAVI_6|1
0;2;1;1;1;2;0;2;2;0;1;1;0;1;0;0;0;0;0;1;2;0;0;2:Plavi;1;0;9;2,7:Crveni;2;0;6;1,0:2|DOLE|1
0;0;2;1;0;1;0;2;0;1;1;1;0;0;0;2;2;0;0;1;1;0;2;0:Plavi;1;0;4;2,6:Crveni;2;0;7;2,4:1|POJEDI_2|2
2;0;0;0;0;0;0;0;0;1;0;0;0;0;0;2;0;0;1;1;0;0;0;0:Plavi;1;6;9;-1,-1:Crveni;2;7;9;2,7:2|POSTAVI_1|1
0;0;1;1;1;0;1;0;0;2;1;1;1;0;2;2;0;0;0;2;0;2;2;0:Plavi;1;0;8;2,7:Crveni;2;0;4;2,6:2|GORE|1
2;2;0;2;2;2;0;2;1;2;2;0;0;0;1;0;0;1;0;0;1;0;1;1:Plavi;1;0;6;-1,-1:Crveni;2;0;8;1,2:2|LEVO|1
1;0;2;0;0;0;1;1;0;2;2;0;1;2;0;0;2;0;0;2;0;2;0;0:Plavi;1;0;8;2,5:Crveni;2;0;3;1,4:1|POJEDI_2|1
2;0;2;2;2;2;0;2;0;2;0;2;0;0;0;0;0;1;0;0;1;1;1;1:Plavi;1;0;5;1,3:Crveni;2;0;8;2,7:1|POJEDI_0|1
0;0;0;0;0;0;0;0;0;1;0;0;0;0;0;0;0;0;0;0;0;0;0;0:Plavi;1;8;9;-1,-1:Crveni;2;9;9;-1,-1:2|POSTAVI_5|1
0;0;0;1;0;2;0;0;0;0;0;1;0;0;0;0;0;0;0;1;2;2;0;0:Plavi;1;6;9;-1,-1:Crveni;2;6;9;-1,-1:1|POJEDI_21|1
2;2;2;0;0;0;0;0;0;2;2;0;0;1;0;0;1;1;0;0;1;1;1;0:Plavi;1;2;8;-1,-1:Crveni;2;3;8;2,1:2|POSTAVI_3|1
0;0;0;0;0;0;1;2;0;2;1;1;1;0;2;2;0;0;0;2;0;2;0;0:Plavi;1;0;8;2,7:Crveni;2;0;4;2,7:2|LEVO|1
0;2;0;2;2;2;2;0;1;2;2;0;2;0;0;0;1;0;0;0;0;0;1;0:Plavi;1;0;3;-1,-1:Crveni;2;0;8;1,4:2|LEVO|1
1;2;0;0;0;1;1;0;0;2;1;1;0;2;2;0;0;0;0;2;0;2;0;0:Plavi;1;0;8;2,5:Crveni;2;0;3;2,5:2|SKOK_2|1
2;2;2;2;2;0;0;0;0;2;2;0;0;0;1;1;1;1;0;0;1;1;1;0:Plavi;1;0;7;-1,-1:Crveni;2;1;8;2,1:2|POSTAVI_5|1
2;0;2;2;2;2;0;2;1;2;1;0;2;0;0;1;0;0;0;1;0;0;0;1:Plavi;1;0;5;-1,-1:Crveni;2;0;8;1,4:2|LEVO|1
2;2;0;1;0;2;0;0;0;1;1;0;0;0;0;0;0;1;0;0;0;0;0;0:Plavi;1;5;9;-1,-1:Crveni;2;6;9;2,7:2|POSTAVI_2|1
0;1;0;2;2;2;2;2;1;2;2;0;0;0;2;0;0;0;0;0;0;2;1;0:Plavi;1;0;3;-1,-1:Crveni;2;0;9;2,5:2|DOLE|1
2;0;0;0;0;0;0;0;0;0;2;0;0;0;0;0;1;0;0;0;1;1;1;0:Plavi;1;5;9;-1,-1:Crveni;2;6;8;2,7:2|POSTAVI_1|1
0;0;0;2;2;2;2;2;0;2;2;1;0;0;2;0;0;0;0;0;0;2;1;1:Plavi;1;0;3;-1,-1:Crveni;2;0;9;2,5:2|DESNO|1
0;0;2;2;2;2;2;0;0;2;2;0;0;0;1;2;1;0;2;0;0;1;0;0:Plavi;1;0;3;-1,-1:Crveni;2;0;9;2,1:2|DESNO|1
0;0;2;2;2;2;2;2;0;2;0;1;0;1;2;0;0;1;1;0;2;0;0;0:Plavi;1;0;4;-1,-1:Crveni;2;0;9;2,3:2|DESNO|1
0;2;2;2;2;2;2;0;0;2;0;0;1;1;0;2;1;1;2;0;0;0;0;0:Plavi;1;0;4;-1,-1:Crveni;2;0;9;2,2:2|LEVO|1
2;2;2;2;2;2;0;0;0;1;1;0;0;0;0;0;0;1;2;1;0;1;0;1:Plavi;1;2;8;-1,-1:Crveni;2;3;9;2,7:2|POJEDI_9|1
0;2;0;2;2;2;2;2;0;2;0;0;1;1;2;0;0;1;1;0;2;0;0;0:Plavi;1;0;4;-1,-1:Crveni;2;0;9;2,3:2|LEVO|1
0;2;0;1;0;1;1;0;0;0;1;1;1;0;2;2;0;0;0;2;0;2;2;0:Plavi;1;0;8;2,7:Crveni;2;0;4;2,6:2|DOLE|1
0;0;2;0;2;2;2;2;0;2;1;2;1;0;2;1;0;1;1;1;0;2;0;0:Plavi;1;0;6;-1,-1:Crveni;2;0;9;2,5:2|GORE|1
0;0;0;0;1;1;1;0;0;2;1;1;1;0;2;2;0;0;0;2;0;2;2;0:Plavi;1;0;8;2,6:Crveni;2;0;4;2,6:1|POJEDI_9|1
0;0;2;2;2;2;2;0;0;2;2;0;0;1;1;2;1;1;2;0;0;0;0;0:Plavi;1;0;4;-1,-1:Crveni;2;0;9;2,2:2|DESNO|1
0;0;1;1;1;0;1;1;2;2;1;1;1;0;2;0;0;0;0;2;2;0;2;0:Plavi;1;0;8;2,7:Crveni;2;0;4;2,4:2|LEVO|1
0;0;2;2;2;2;2;2;0;2;0;1;0;1;2;0;0;1;1;1;2;0;0;0:Plavi;1;0;5;-1,-1:Crveni;2;0;9;2,5:2|DESNO|1
1;0;1;0;1;2;1;0;0;2;1;1;1;0;2;2;0;0;0;2;0;2;0;0:Plavi;1;0;8;2,7:Crveni;2;0;4;2,5:2|DOLE|1
0;0;0;0;1;1;0;0;2;2;1;1;1;0;2;2;0;0;2;0;2;0;0;0:Plavi;1;0;8;2,7:Crveni;2;0;4;2,4:2|GORE|1
0;0;1;1;0;2;0;0;0;0;2;1;0;0;0;0;0;0;0;1;2;0;0;0:Plavi;1;4;9;-1,-1:Crveni;2;5;8;-1,-1:2|POSTAVI_23|1
0;0;1;1;0;1;0;1;2;2;1;1;1;0;2;2;0;0;2;0;2;0;0;0:Plavi;1;0;8;2,7:Crveni;2;0;4;2,4:2|DOLE|1
0;1;0;1;1;0;2;1;0;0;1;0;0;0;2;2;2;0;1;0;1;0;2;0:Plavi;1;0;6;2,4:Crveni;2;0;7;2,4:1|LEVO|1
2;2;2;2;2;0;0;0;0;1;0;1;1;0;0;2;0;0;1;1;0;0;0;0:Plavi;1;3;8;-1,-1:Crveni;2;4;9;2,3:2|POJEDI_9|1
2;0;2;2;2;2;0;2;0;2;2;0;0;0;1;1;0;1;0;0;1;0;1;1:Plavi;1;0;6;-1,-1:Crveni;2;0;8;1,2:2|DESNO|1
0;0;2;2;2;2;2;0;0;2;2;0;2;0;0;1;1;0;0;1;0;1;0;0:Plavi;1;0;4;-1,-1:Crveni;2;0;8;2,5:2|POJEDI_15|1
0;0;0;0;0;1;1;0;0;2;1;1;1;0;2;2;0;0;0;2;0;2;2;0:Plavi;1;0;8;2,7:Crveni;2;0;4;2,6:2|GORE|1
0;0;0;0;0;0;0;0;0;0;0;0;0;0;0;0;0;0;0;0;0;1;0;0:Plavi;1;8;9;-1,-1:Crveni;2;9;9;-1,-1:2|POSTAVI_0|1
0;0;2;0;2;2;2;2;1;2;2;1;0;0;2;0;0;0;0;0;0;2;1;0:Plavi;1;0;3;-1,-1:Crveni;2;0;9;2,5:2|LEVO|1
0;2;2;2;2;2;0;2;0;2;0;2;0;0;0;1;0;1;0;0;1;1;1;0:Plavi;1;0;5;1,3:Crveni;2;0;8;1,3:1|POJEDI_1|1
0;0;2;1;0;1;0;2;0;1;1;1;0;0;0;2;2;0;0;1;1;0;2;0:Plavi;1;0;4;2,4:Crveni;2;0;6;2,4:1|POJEDI_2|1
0;0;2;2;2;2;2;0;0;2;2;0;2;0;0;1;1;0;0;1;1;0;0;0:Plavi;1;0;4;-1,-1:Crveni;2;0;8;1,4:2|DESNO|1
2;2;0;0;0;0;0;0;0;2;2;0;0;0;0;1;1;1;0;0;1;1;1;0:Plavi;1;3;9;-1,-1:Crveni;2;4;8;2,7:2|POSTAVI_2|1
2;0;2;2;2;2;0;2;1;2;2;0;0;0;1;0;0;1;0;0;1;0;1;1:Plavi;1;0;6;-1,-1:Crveni;2;0;8;2,7:2|POJEDI_8|1
0;0;2;0;1;1;0;2;0;1;1;1;0;1;0;2;2;0;0;1;1;0;2;0:Plavi;1;0;5;2,4:Crveni;2;0;7;2,4:2|POJEDI_13|1
1;1;1;0;0;0;0;2;1;0;0;0;0;0;0;2;0;0;0;0;0;0;0;2:Plavi;1;4;8;1,0:Crveni;2;4;8;1,0:1|POSTAVI_3|1
0;2;2;2;2;0;0;2;1;2;0;2;0;2;0;0;0;0;1;1;0;0;1;1:Plavi;1;0;5;-1,-1:Crveni;2;0;8;1,5:2|DESNO|1
0;2;2;0;2;2;2;2;0;0;1;2;0;1;2;1;0;1;1;1;0;2;0;0:Plavi;1;0;6;-1,-1:Crveni;2;0;9;2,4:2|DOLE|1
2;0;2;2;2;2;0;2;0;2;0;2;0;0;1;0;0;1;0;0;1;0;1;1:Plavi;1;0;5;-1,-1:Crveni;2;0;8;1,3:2|LEVO|1
0;0;0;1;1;1;0;1;2;2;1;1;1;0;2;0;0;0;2;0;2;0;2;0:Plavi;1;0;8;2,7:Crveni;2;0;4;2,4:2|LEVO|1
0;2;2;2;2;2;0;2;1;2;1;0;2;0;0;1;0;0;0;0;1;0;0;1:Plavi;1;0;5;-1,-1:Crveni;2;0;8;1,4:2|DESNO|1
0;2;2;2;2;2;0;2;1;2;1;0;2;0;0;0;0;0;0;0;1;0;1;1:Plavi;1;0;5;-1,-1:Crveni;2;0;8;1,4:2|DESNO|1
0;0;2;0;2;1;0;2;0;1;1;1;0;1;0;2;2;0;0;1;1;0;2;0:Plavi;1;0;5;2,4:Crveni;2;0;7;2,4:1|POJEDI_4|1
0;2;0;2;2;2;2;0;0;2;2;0;1;0;1;2;1;1;2;0;0;0;0;0:Plavi;1;0;4;-1,-1:Crveni;2;0;9;2,2:2|LEVO|1
0;0;1;0;1;0;2;2;2;2;1;1;1;0;0;0;0;0;0;1;2;0;0;2:Plavi;1;0;9;2,7:Crveni;2;0;5;0,4:2|DESNO|1
0;0;2;2;2;2;2;2;0;2;1;0;1;0;2;1;0;1;1;1;0;2;0;0:Plavi;1;0;6;-1,-1:Crveni;2;0;9;2,5:2|POJEDI_15|1
0;2;2;2;2;2;0;2;1;2;0;1;2;0;0;1;0;0;0;0;1;0;1;0:Plavi;1;0;5;-1,-1:Crveni;2;0;8;1,4:2|DESNO|1
0;2;2;2;2;0;0;2;1;2;0;1;2;2;0;1;0;0;1;0;0;0;0;1:Plavi;1;0;5;-1,-1:Crveni;2;0;8;1,5:2|GORE|1
0;2;2;2;2;2;2;0;0;2;0;1;2;0;0;0;0;0;0;0;1;0;1;1:Plavi;1;0;4;-1,-1:Crveni;2;0;8;2,7:2|DESNO|1
0;2;0;2;2;2;2;2;0;2;1;0;0;1;2;0;0;1;1;1;2;0;0;0:Plavi;1;0;5;-1,-1:Crveni;2;0;9;2,4:2|LEVO|1
0;0;0;0;1;0;1;0;0;2;1;1;1;0;2;2;0;0;0;2;0;2;0;2:Plavi;1;0;8;2,7:Crveni;2;0;4;2,7:2|GORE|1
2;2;2;2;2;2;0;0;0;2;2;0;0;1;0;1;1;1;0;0;1;0;1;0:Plavi;1;0;6;-1,-1:Crveni;2;0;8;2,7:2|DESNO|1
2;0;1;1;1;2;0;0;0;0;0;1;0;0;0;0;0;0;0;1;2;0;0;2:Plavi;1;2;9;-1,-1:Crveni;2;3;7;0,0:2|POSTAVI_1|1
1;1;1;1;1;0;0;2;0;0;0;0;0;0;0;2;2;0;1;0;1;0;2;2:Plavi;1;0;7;2,4:Crveni;2;0;7;2,4:1|DOLE|1
0;1;1;1;1;0;2;2;0;1;0;0;0;0;2;2;2;0;1;0;1;0;2;0:Plavi;1;0;7;2,4:Crveni;2;0;7;2,4:1|DESNO|1
2;2;1;1;1;2;2;0;1;0;1;1;1;0;0;0;0;0;0;1;2;0;0;2:Plavi;1;0;9;-1,-1:Crveni;2;1;7;2,6:2|POJEDI_8|1
2;0;0;0;0;1;0;1;2;0;1;1;1;0;2;2;0;0;2;0;2;0;0;0:Plavi;1;0;8;2,7:Crveni;2;0;4;2,4:2|LEVO|1
0;0;2;2;2;2;2;2;0;2;0;1;1;1;2;0;0;0;0;0;2;0;0;0:Plavi;1;0;3;-1,-1:Crveni;2;0;9;2,4:2|DESNO|1
0;0;0;1;1;0;2;1;2;1;1;0;0;0;0;2;2;0;0;1;1;0;2;0:Plavi;1;0;6;2,4:Crveni;2;0;7;2,4:1|DOLE|1
2;2;2;1;0;2;0;0;0;1;1;0;0;0;0;0;0;1;0;0;0;0;0;0:Plavi;1;5;9;-1,-1:Crveni;2;6;9;2,1:2|POJEDI_3|1
0;2;2;0;2;2;2;2;0;1;1;2;0;1;2;1;0;0;1;1;2;0;0;0:Plavi;1;0;6;-1,-1:Crveni;2;0;9;2,4:2|LEVO|1
2;2;2;2;2;2;2;1;1;0;1;0;1;0;0;2;0;0;1;1;2;0;0;0:Plavi;1;0;6;-1,-1:Crveni;2;0;9;2,7:2|DOLE|1
0;2;0;0;0;0;0;1;0;2;1;1;1;0;2;2;0;0;0;2;0;2;0;0:Plavi;1;0;8;2,7:Crveni;2;0;4;2,5:2|LEVO|1
0;2;1;1;1;2;2;0;2;0;1;1;1;0;0;0;0;0;0;1;2;0;0;2:Plavi;1;0;9;2,7:Crveni;2;0;6;1,0:2|LEVO|1
0;0;1;1;0;0;0;2;2;2;1;1;1;0;2;0;0;0;2;0;2;0;0;0:Plavi;1;0;9;2,7:Crveni;2;0;4;2,4:2|DOLE|1
0;2;0;0;0;0;1;0;2;0;1;1;1;0;2;2;0;0;2;0;2;0;0;0:Plavi;1;0;8;2,7:Crveni;2;0;4;2,4:2|DOLE|1
0;1;0;1;1;2;0;2;2;2;1;1;1;0;0;0;0;0;0;1;2;0;0;2:Plavi;1;0;9;2,7:Crveni;2;0;6;2,7:2|POJEDI_1|1
0;0;2;0;2;2;2;2;0;2;2;0;0;0;2;0;1;1;1;0;0;2;0;0:Plavi;1;0;3;-1,-1:Crveni;2;0;9;2,4:1|POJEDI_2|1
0;1;0;1;1;0;2;1;2;1;0;0;0;0;2;0;2;0;1;0;1;0;2;0:Plavi;1;0;6;2,4:Crveni;2;0;7;2,4:1|LEVO|1
0;0;2;0;2;2;2;2;0;2;2;1;0;0;2;0;0;0;1;0;0;2;1;0:Plavi;1;0;3;-1,-1:Crveni;2;0;9;2,5:2|LEVO|1
0;0;0;0;0;1;2;1;0;1;1;1;0;0;2;0;2;0;0;1;1;0;2;0:Plavi;1;0;6;2,4:Crveni;2;0;7;2,4:1|DOLE|1
2;2;2;0;0;2;0;0;0;1;1;0;0;0;0;0;0;1;2;1;0;1;0;0:Plavi;1;3;8;-1,-1:Crveni;2;4;9;2,1:2|POSTAVI_3|1
2;0;0;1;0;2;0;0;0;1;0;0;0;0;0;0;0;1;0;0;0;0;0;0:Plavi;1;6;9;-1,-1:Crveni;2;7;9;2,7:2|POSTAVI_1|1
2;0;2;2;2;2;0;2;0;2;2;0;0;1;0;0;0;1;0;0;1;0;1;1:Plavi;1;0;5;-1,-1:Crveni;2;0;8;2,7:2|LEVO|1
0;0;2;2;2;2;2;0;0;2;2;0;0;0;0;2;1;0;2;0;0;1;0;1:Plavi;1;0;3;-1,-1:Crveni;2;0;9;2,7:2|POJEDI_16|1
0;0;1;0;1;0;0;1;0;2;1;1;1;2;2;2;0;0;0;2;0;2;0;0:Plavi;1;0;8;2,7:Crveni;2;0;4;2,5:2|GORE|1
1;0;1;1;1;0;2;1;0;1;0;0;0;0;2;2;2;0;1;0;1;0;2;0:Plavi;1;0;7;2,4:Crveni;2;0;7;2,4:2|POJEDI_0|1
1;0;0;0;0;0;2;2;0;1;1;1;0;1;0;2;2;0;0;1;1;0;2;0:Plavi;1;0;6;2,4:Crveni;2;0;7;2,4:1|POJEDI_6|1
0;0;0;0;0;1;0;1;2;2;1;1;1;0;2;2;0;0;2;0;2;0;0;0:Plavi;1;0;8;2,7:Crveni;2;0;4;2,4:2|GORE|1
2;0;2;2;2;0;0;2;1;2;0;0;2;2;0;1;0;0;1;1;0;0;0;1:Plavi;1;0;5;-1,-1:Crveni;2;0;8;1,5:2|LEVO|1
0;0;0;0;0;0;0;0;0;0;0;1;0;0;0;0;0;0;0;0;0;0;0;0:Plavi;1;8;9;-1,-1:Crveni;2;9;9;-1,-1:2|POSTAVI_5|1
0;0;1;0;1;2;0;2;2;2;1;1;1;0;0;0;0;0;0;2;2;0;0;2:Plavi;1;0;9;2,7:Crveni;2;0;5;2,7:1|POJEDI_23|1
0;2;2;2;2;2;2;0;0;2;0;0;1;1;0;2;1;1;2;0;0;0;0;0:Plavi;1;0;4;-1,-1:Crveni;2;0;9;2,2:2|DESNO|1
0;2;0;0;0;0;1;1;2;0;1;1;1;0;2;2;0;0;2;0;2;0;0;0:Plavi;1;0;8;2,7:Crveni;2;0;4;2,4:2|DESNO|1
1;1;1;1;1;0;0;2;1;0;0;0;0;0;0;2;2;0;1;0;2;0;2;2:Plavi;1;1;8;2,6:Crveni;2;1;7;1,0:1|POJEDI_20|1
1;0;0;0;0;0;1;2;0;1;1;1;0;1;0;2;2;0;0;1;1;0;2;0:Plavi;1;0;6;2,6:Crveni;2;0;7;2,4:2|POJEDI_0|1
0;0;2;2;2;2;2;0;0;2;2;0;1;0;1;2;1;1;2;0;0;0;0;0:Plavi;1;0;4;-1,-1:Crveni;2;0;9;2,1:2|POJEDI_12|1
0;0;1;1;0;1;0;2;0;1;1;1;0;0;0;2;2;0;0;1;0;0;2;0:Plavi;1;0;3;2,6:Crveni;2;0;6;2,4:1|SKOK_0|1
0;0;0;2;2;2;2;2;0;2;2;1;0;0;2;0;0;0;1;1;0;2;0;0:Plavi;1;0;3;-1,-1:Crveni;2;0;9;2,5:2|DESNO|1
0;0;0;1;0;2;0;0;0;0;0;1;0;0;0;0;0;0;0;1;2;0;0;0:Plavi;1;5;9;-1,-1:Crveni;2;6;8;-1,-1:2|POSTAVI_10|1
2;0;2;2;2;2;0;2;0;2;0;2;0;1;0;1;0;1;0;0;1;0;1;0:Plavi;1;0;5;-1,-1:Crveni;2;0;8;2,7:2|LEVO|1
1;1;1;0;0;0;0;2;0;0;0;0;0;0;0;2;0;0;0;0;0;0;0;0:Plavi;1;7;9;1,7:Crveni;2;7;9;-1,-1:1|POJEDI_7|1
0;0;1;1;0;0;0;2;2;2;1;1;1;2;0;0;0;0;0;2;2;0;0;0:Plavi;1;0;9;2,7:Crveni;2;0;4;2,4:2|LEVO|1
2;0;0;0;0;0;0;0;0;0;0;0;0;0;0;0;0;0;0;0;1;1;0;0:Plavi;1;7;9;-1,-1:Crveni;2;8;9;2,7:2|POSTAVI_1|1
0;1;0;0;2;0;1;0;0;2;1;1;1;0;2;2;0;0;0;2;0;2;0;0:Plavi;1;0;8;2,7:Crveni;2;0;4;2,5:2|LEVO|1
2;2;2;2;2;2;2;0;0;0;1;0;0;0;0;0;0;1;2;1;1;1;0;1:Plavi;1;1;7;-1,-1:Crveni;2;2;9;2,6:2|POJEDI_10|1
0;2;2;2;2;2;2;0;0;2;0;1;0;0;1;2;1;1;2;0;0;0;0;0:Plavi;1;0;4;-1,-1:Crveni;2;0;9;2,2:2|DESNO|1
2;2;2;0;0;0;0;0;0;2;2;0;0;0;0;1;1;1;0;0;1;1;1;0:Plavi;1;3;9;-1,-1:Crveni;2;4;8;2,1:2|POJEDI_15|1
2;0;2;2;2;2;2;0;0;2;0;1;2;0;0;1;0;0;0;0;1;0;1;0:Plavi;1;0;4;-1,-1:Crveni;2;0;8;2,7:2|LEVO|1
0;0;1;0;1;1;0;1;2;2;1;1;1;0;2;0;0;0;2;0;2;0;0;2:Plavi;1;0;8;2,7:Crveni;2;0;4;2,4:2|DESNO|1
2;0;2;2;2;0;0;2;0;2;0;2;0;2;0;1;0;0;1;1;0;0;1;1:Plavi;1;0;5;-1,-1:Crveni;2;0;8;1,5:2|LEVO|1
2;0;2;2;2;2;2;2;0;2;0;0;0;1;0;0;1;1;2;1;0;0;0;0:Plavi;1;0;4;-1,-1:Crveni;2;0;9;2,2:2|DOLE|1
2;2;0;0;0;0;0;0;0;0;2;0;0;0;0;1;1;0;0;0;1;1;1;0:Plavi;1;4;9;-1,-1:Crveni;2;5;8;2,7:2|POSTAVI_9|1
0;2;0;0;0;0;1;1;2;0;1;1;1;0;2;2;0;0;2;0;2;0;0;0:Plavi;1;0;8;2,7:Crveni;2;0;4;2,4:2|DOLE|1
2;2;2;2;2;2;2;1;1;0;0;1;1;0;0;2;0;0;1;1;0;0;0;0:Plavi;1;1;7;-1,-1:Crveni;2;2;9;2,7:2|POJEDI_11|1
0;0;0;1;0;2;0;0;0;1;0;0;0;0;0;0;0;0;0;0;0;0;0;0:Plavi;1;7;9;-1,-1:Crveni;2;8;9;2,7:2|POSTAVI_0|1
1;0;1;1;1;0;0;2;0;1;0;0;0;0;2;0;2;0;1;0;1;0;2;2:Plavi;1;0;7;2,4:Crveni;2;0;7;2,4:1|LEVO|1
0;2;0;1;1;2;0;2;2;2;1;1;1;0;0;0;0;0;0;1;2;0;0;2:Plavi;1;0;9;2,7:Crveni;2;0;6;0,4:1|POJEDI_1|1
0;2;2;2;2;2;2;0;1;2;1;0;2;0;0;0;0;0;0;0;1;0;1;1:Plavi;1;0;5;-1,-1:Crveni;2;0;8;2,7:2|POJEDI_8|1
1;0;0;0;1;0;1;0;2;2;1;1;1;0;2;2;0;0;2;0;2;0;0;0:Plavi;1;0;8;2,7:Crveni;2;0;4;2,4:2|GORE|1
2;2;0;0;0;0;0;0;0;0;0;0;0;0;0;0;1;0;0;0;1;1;0;0:Plavi;1;6;9;-1,-1:Crveni;2;7;9;2,7:2|POSTAVI_10|1
1;0;2;0;0;0;1;1;0;2;1;0;1;2;0;0;2;0;0;2;0;2;0;0:Plavi;1;0;8;2,5:Crveni;2;0;3;2,5:2|POJEDI_10|1
0;0;0;0;0;0;1;2;0;1;1;1;0;1;0;2;2;0;0;1;1;0;2;0:Plavi;1;0;5;2,6:Crveni;2;0;7;2,4:1|DESNO|1
0;0;0;0;0;2;0;0;0;0;0;1;0;0;0;0;0;0;0;1;0;0;0;0:Plavi;1;7;9;-1,-1:Crveni;2;8;9;-1,-1:2|POSTAVI_21|1
2;0;2;2;2;2;2;2;0;2;0;1;0;1;0;0;1;1;2;0;1;0;0;0:Plavi;1;0;5;-1,-1:Crveni;2;0;9;2,2:2|POJEDI_20|1
0;0;2;0;1;1;0;2;0;1;1;1;0;0;0;2;2;0;0;1;1;0;2;0:Plavi;1;0;4;2,4:Crveni;2;0;7;2,4:1|DESNO|1
2;2;2;0;2;2;2;1;1;0;1;2;0;1;0;2;0;0;1;1;2;0;0;0:Plavi;1;0;6;-1,-1:Crveni;2;0;9;2,7:2|DESNO|1
1;0;1;1;1;0;2;2;0;1;0;0;0;0;2;2;2;0;1;0;1;0;2;0:Plavi;1;0;7;2,4:Crveni;2;0;7;2,4:1|POJEDI_7|1
2;2;0;0;0;0;0;0;0;1;0;0;1;0;0;2;0;0;1;1;0;0;0;0:Plavi;1;5;9;-1,-1:Crveni;2;6;9;2,7:2|POSTAVI_2|1
2;0;2;2;2;2;0;2;0;2;0;2;0;0;1;1;0;0;1;0;1;0;1;0:Plavi;1;0;5;-1,-1:Crveni;2;0;8;1,3:2|LEVO|1
2;2;2;2;2;2;2;2;0;1;0;0;0;0;0;0;0;1;2;1;1;1;0;1:Plavi;1;0;6;-1,-1:Crveni;2;1;9;2,7:2|POJEDI_9|1
1;0;0;1;0;1;0;1;0;1;1;1;0;0;0;2;2;0;0;1;0;0;2;0:Plavi;1;0;3;2,6:Crveni;2;0;6;1,2:2|POJEDI_0|1
0;2;0;0;0;0;1;1;0;0;1;1;1;0;2;2;0;0;0;2;0;2;2;0:Plavi;1;0;8;2,7:Crveni;2;0;4;2,6:2|LEVO|1
0;2;2;2;2;2;2;0;0;0;2;0;1;0;1;2;1;1;2;0;0;0;0;0:Plavi;1;0;4;-1,-1:Crveni;2;0;9;2,2:2|DOLE|1
2;2;2;2;2;2;2;1;1;0;0;1;1;0;0;2;0;0;1;1;0;0;0;0:Plavi;1;0;6;-1,-1:Crveni;2;1;9;2,7:2|POSTAVI_20|1
2;2;2;2;2;2;2;2;0;0;0;0;0;0;0;0;1;1;2;1;1;1;0;0:Plavi;1;0;5;-1,-1:Crveni;2;0;9;2,7:2|DOLE|1
0;2;0;0;1;1;1;1;0;2;1;0;1;2;2;0;0;0;0;2;0;2;0;0:Plavi;1;0;8;2,5:Crveni;2;0;3;2,5:2|SKOK_0|1
2;0;2;2;2;2;2;0;0;0;2;0;2;0;0;1;0;0;0;1;1;0;1;0:Plavi;1;0;4;-1,-1:Crveni;2;0;8;2,7:2|LEVO|1
0;0;0;0;0;0;0;0;0;0;0;0;0;0;0;0;0;0;1;0;0;0;0;0:Plavi;1;8;9;-1,-1:Crveni;2;9;9;-1,-1:2|POSTAVI_15|1
1;1;0;0;0;0;0;2;0;0;0;0;0;0;0;2;0;0;0;0;0;0;0;0:Plavi;1;7;9;2,7:Crveni;2;7;9;-1,-1:1|POSTAVI_2|1
0;0;1;1;0;0;0;0;2;2;1;1;1;0;2;2;0;0;2;0;2;0;0;0:Plavi;1;0;9;2,7:Crveni;2;0;4;2,4:2|POJEDI_3|1
0;0;2;2;2;2;2;0;0;2;2;0;2;0;0;0;1;0;0;0;0;1;1;0:Plavi;1;0;3;-1,-1:Crveni;2;0;8;2,5:2|DESNO|1
2;0;2;2;2;2;2;2;0;2;0;0;0;1;0;0;1;1;2;1;1;0;0;0:Plavi;1;0;5;-1,-1:Crveni;2;0;9;0,7:2|LEVO|1
0;0;2;2;2;2;2;0;1;2;2;0;0;2;0;0;0;1;0;0;0;0;1;0:Plavi;1;0;3;-1,-1:Crveni;2;0;8;2,6:2|POJEDI_8|1
2;0;0;1;0;1;1;1;0;2;1;0;1;2;2;0;0;0;0;2;0;2;0;0:Plavi;1;0;8;2,5:Crveni;2;0;3;2,5:2|SKOK_1|1
1;1;1;0;0;0;0;0;0;0;0;0;0;0;0;2;0;0;0;0;0;0;0;2:Plavi;1;6;9;1,7:Crveni;2;6;8;-1,-1:1|POSTAVI_3|1
2;2;1;1;1;2;0;0;0;0;1;1;0;0;0;0;0;0;0;1;2;0;0;2:Plavi;1;1;9;-1,-1:Crveni;2;2;7;2,6:2|POSTAVI_6|1
0;2;0;1;2;2;2;2;0;2;0;2;0;1;2;0;0;0;0;1;2;0;0;0:Plavi;1;0;3;-1,-1:Crveni;2;0;9;2,4:2|DESNO|1
0;1;1;0;2;2;2;2;0;2;2;2;0;0;2;0;0;0;0;0;0;2;1;0:Plavi;1;0;3;-1,-1:Crveni;2;0;9;2,5:2|DESNO|1
0;2;2;2;2;2;0;2;1;2;1;0;2;0;0;1;0;0;1;0;0;0;0;1:Plavi;1;0;5;-1,-1:Crveni;2;0;8;1,5:2|DESNO|1
0;0;0;1;1;2;0;2;2;2;1;1;1;0;0;0;0;0;0;1;2;0;0;2:Plavi;1;0;9;2,7:Crveni;2;0;5;0,4:2|LEVO|1
0;2;2;2;2;2;0;2;0;2;2;0;0;0;1;1;1;1;0;0;1;0;1;0:Plavi;1;0;6;-1,-1:Crveni;2;0;8;1,2:2|DESNO|1
0;0;1;1;1;0;2;1;0;1;0;0;0;0;2;2;2;0;1;0;1;0;2;0:Plavi;1;0;6;2,4:Crveni;2;0;7;2,4:1|DESNO|1
2;2;2;2;2;0;0;0;1;0;0;1;1;0;0;2;0;0;1;1;0;0;0;0:Plavi;1;2;7;-1,-1:Crveni;2;3;9;2,3:2|POSTAVI_5|1
0;0;0;0;0;0;0;0;0;0;0;0;0;0;0;0;0;0;0;0;0;0;0;0:Plavi;1;9;9;-1,-1:Crveni;2;9;9;-1,-1:1|POSTAVI_0|1
0;1;0;0;2;2;2;2;0;2;2;2;1;0;2;0;0;0;0;0;0;2;1;0:Plavi;1;0;3;-1,-1:Crveni;2;0;9;2,6:2|POJEDI_1|1
2;0;2;2;2;2;0;2;1;2;1;0;2;0;0;1;0;0;0;0;1;0;1;0:Plavi;1;0;5;-1,-1:Crveni;2;0;8;1,4:2|LEVO|2
0;0;2;2;2;2;2;2;0;2;1;0;0;1;2;0;0;1;1;1;0;2;0;0:Plavi;1;0;5;-1,-1:Crveni;2;0;9;2,5:2|DESNO|1
2;0;2;2;2;2;2;0;0;2;1;0;0;0;1;2;1;1;2;0;0;0;0;0:Plavi;1;0;4;-1,-1:Crveni;2;0;9;2,2:2|LEVO|1
0;2;0;0;1;0;0;1;2;0;1;1;1;0;2;2;0;0;2;0;2;0;0;0:Plavi;1;0;8;2,7:Crveni;2;0;4;2,4:2|DOLE|1
=======
>>>>>>> 193e2bf5aa0c59fd131f8e38ad8fee70d6e4e6df
