# stanje | akcija | q vrednost

0;2;2;2;2;2;2;0;0;2;0;1;2;0;0;0;0;0;0;0;1;0;1;1:Plavi;1;0;4;-1,-1:Crveni;2;0;8;2,7:2|DESNO|-87.0
0;0;2;2;2;2;2;2;0;2;1;0;1;0;2;1;0;1;1;1;0;2;0;0:Plavi;1;0;6;-1,-1:Crveni;2;0;9;2,5:2|POJEDI_15|-9.0
0;0;2;1;0;1;0;2;0;1;1;1;0;0;0;2;2;0;0;1;1;0;2;0:Plavi;1;0;4;2,6:Crveni;2;0;7;2,4:1|POJEDI_2|11.0
0;1;0;2;0;2;2;2;0;2;2;2;1;0;2;0;0;0;0;0;0;2;1;0:Plavi;1;0;3;-1,-1:Crveni;2;0;9;2,5:2|LEVO|-1026.0
0;1;0;1;1;0;2;1;2;0;1;0;0;0;2;0;2;0;0;1;1;0;2;0:Plavi;1;0;6;2,4:Crveni;2;0;7;2,4:1|DOLE|-25.0
0;1;0;0;2;0;1;0;0;2;1;1;1;0;2;2;0;0;0;2;0;2;0;0:Plavi;1;0;8;2,7:Crveni;2;0;4;2,5:2|LEVO|20.0
1;1;1;1;0;0;0;2;2;0;0;0;0;0;0;2;0;0;0;0;0;0;0;2:Plavi;1;5;9;2,6:Crveni;2;5;8;-1,-1:1|POJEDI_8|-4.0
0;2;2;2;2;2;2;0;0;2;1;0;0;1;0;2;1;1;2;0;0;0;0;0:Plavi;1;0;4;-1,-1:Crveni;2;0;9;2,2:2|DESNO|-96.0
2;0;2;2;2;2;2;0;0;2;0;1;0;1;0;2;1;1;2;0;0;0;0;0:Plavi;1;0;4;-1,-1:Crveni;2;0;9;2,2:2|LEVO|-102.0
2;2;2;0;0;0;0;0;0;1;0;0;1;0;0;2;0;0;1;1;0;0;0;0:Plavi;1;5;9;-1,-1:Crveni;2;6;9;2,7:2|POJEDI_19|-22.0
0;0;0;0;0;0;2;1;0;1;1;1;0;1;0;2;2;0;0;1;1;0;2;0:Plavi;1;0;6;2,4:Crveni;2;0;7;2,4:1|LEVO|2.0
2;2;0;0;0;0;0;0;0;0;2;0;0;0;0;1;1;0;0;0;1;1;1;0:Plavi;1;4;9;-1,-1:Crveni;2;5;8;2,7:2|POSTAVI_9|24.0
0;1;0;1;1;2;0;2;2;2;1;1;1;0;0;0;0;0;0;1;2;0;0;2:Plavi;1;0;9;2,7:Crveni;2;0;6;2,7:2|POJEDI_1|6.0
0;0;2;2;2;2;2;2;0;2;0;1;0;1;2;0;0;1;1;1;2;0;0;0:Plavi;1;0;5;-1,-1:Crveni;2;0;9;2,5:2|DESNO|-76.0
1;1;1;1;1;0;0;2;1;0;0;0;0;0;0;2;0;0;0;0;0;0;2;2:Plavi;1;2;8;2,6:Crveni;2;2;7;1,0:1|POSTAVI_18|-21.0
0;2;0;2;2;2;2;0;0;2;2;0;0;0;0;2;1;0;2;0;0;1;0;1:Plavi;1;0;3;-1,-1:Crveni;2;0;9;2,2:2|LEVO|-1047.0
2;2;2;0;2;2;2;0;1;0;1;2;0;1;2;1;0;0;1;1;2;0;0;0:Plavi;1;0;6;-1,-1:Crveni;2;0;9;2,7:2|DESNO|-91.0
0;0;0;0;0;0;1;2;0;2;1;1;1;0;2;2;0;0;0;2;0;2;0;0:Plavi;1;0;8;2,7:Crveni;2;0;4;2,7:2|LEVO|27.0
1;0;0;0;0;0;0;0;0;0;0;0;0;0;0;2;0;0;0;0;0;0;0;0:Plavi;1;8;9;2,7:Crveni;2;8;9;-1,-1:1|POSTAVI_1|-7.0
2;2;2;0;0;0;0;0;0;2;2;0;0;0;0;1;1;1;0;0;1;1;1;0:Plavi;1;3;9;-1,-1:Crveni;2;4;8;2,1:2|POJEDI_15|5.0
1;1;1;1;1;0;0;2;1;0;0;0;0;0;0;2;0;0;0;0;0;0;2;2:Plavi;1;3;8;2,6:Crveni;2;3;8;1,0:1|POJEDI_22|-12.0
0;2;0;0;1;1;1;1;0;2;1;0;1;2;2;0;0;0;0;2;0;2;0;0:Plavi;1;0;8;2,5:Crveni;2;0;3;2,5:2|SKOK_0|46.0
0;0;2;2;2;2;2;2;0;2;1;0;0;1;2;0;0;1;1;1;0;2;0;0:Plavi;1;0;5;-1,-1:Crveni;2;0;9;2,5:2|DESNO|-80.0
0;0;1;1;1;0;2;1;0;1;0;0;0;0;2;2;2;0;1;0;1;0;2;0:Plavi;1;0;6;2,4:Crveni;2;0;7;2,4:1|DESNO|-13.0
0;0;0;0;1;0;2;1;2;1;1;1;0;0;2;0;2;0;0;1;1;0;2;0:Plavi;1;0;6;2,4:Crveni;2;0;7;2,4:1|LEVO|-8.0
1;0;0;1;0;1;0;2;0;1;1;1;0;0;0;2;2;0;0;1;0;0;2;0:Plavi;1;0;3;2,3:Crveni;2;0;6;2,4:1|POJEDI_7|-1001.0
2;0;2;2;2;2;0;2;1;2;1;0;2;0;0;1;0;0;0;0;1;0;1;0:Plavi;1;0;5;-1,-1:Crveni;2;0;8;1,4:2|LEVO|-86.0
0;2;0;1;2;2;2;2;0;2;0;2;0;1;2;0;0;0;0;1;2;0;0;0:Plavi;1;0;3;-1,-1:Crveni;2;0;9;2,4:2|DESNO|-65.0
0;0;0;2;2;2;2;2;0;2;2;1;0;0;2;0;0;0;0;0;0;2;1;1:Plavi;1;0;3;-1,-1:Crveni;2;0;9;2,5:2|DESNO|-65.0
1;0;2;0;0;0;1;0;0;2;1;1;1;0;2;2;0;0;0;2;0;2;0;0:Plavi;1;0;8;2,7:Crveni;2;0;4;2,5:2|LEVO|27.0
0;2;2;2;2;2;2;2;0;2;0;1;0;1;0;0;1;1;2;0;1;0;0;0:Plavi;1;0;5;-1,-1:Crveni;2;0;9;1,1:2|DESNO|-126.0
1;1;1;1;0;0;0;2;1;0;0;0;0;0;0;2;0;0;0;0;0;0;2;2:Plavi;1;3;8;2,6:Crveni;2;3;8;1,0:1|POSTAVI_4|-22.0
0;0;1;0;1;2;0;2;2;2;1;1;1;0;0;0;0;0;0;2;2;0;0;2:Plavi;1;0;9;2,7:Crveni;2;0;5;2,7:1|POJEDI_23|-65.0
0;0;2;2;2;2;2;0;0;2;2;0;2;0;0;0;1;0;0;0;0;1;1;0:Plavi;1;0;3;-1,-1:Crveni;2;0;8;2,5:2|DESNO|-88.0
0;0;2;2;2;2;2;2;0;2;0;1;1;1;2;0;0;0;0;0;2;0;0;0:Plavi;1;0;3;-1,-1:Crveni;2;0;9;2,4:2|DESNO|-80.0
0;0;2;2;2;2;2;0;0;2;2;0;2;0;0;1;1;0;0;1;0;1;0;0:Plavi;1;0;4;-1,-1:Crveni;2;0;8;2,5:2|POJEDI_15|-12.0
2;2;2;2;0;2;0;0;0;1;1;0;0;0;0;0;0;1;2;1;0;1;0;1:Plavi;1;2;8;-1,-1:Crveni;2;3;9;2,7:2|POSTAVI_4|-67.0
0;2;0;2;2;2;2;2;0;2;0;0;1;1;2;0;0;1;1;0;2;0;0;0:Plavi;1;0;4;-1,-1:Crveni;2;0;9;2,3:2|LEVO|-85.0
2;2;2;2;2;2;2;0;0;1;0;0;0;0;0;0;0;1;2;1;1;1;0;1:Plavi;1;0;6;-1,-1:Crveni;2;1;9;2,6:2|POSTAVI_7|-126.0
0;2;0;0;0;1;0;1;0;0;1;1;1;2;2;2;0;0;0;2;0;2;0;0:Plavi;1;0;8;2,7:Crveni;2;0;4;2,5:2|DOLE|37.0
0;0;0;1;0;2;0;0;0;0;0;1;0;0;0;0;0;0;0;1;2;0;0;0:Plavi;1;5;9;-1,-1:Crveni;2;6;8;-1,-1:2|POSTAVI_10|38.0
0;2;2;2;2;0;0;2;1;2;0;2;0;2;0;0;0;0;1;1;0;0;1;1:Plavi;1;0;5;-1,-1:Crveni;2;0;8;1,5:2|DESNO|-59.0
0;2;0;2;2;2;2;0;1;2;2;0;2;0;0;0;1;0;0;0;0;0;1;0:Plavi;1;0;3;-1,-1:Crveni;2;0;8;1,4:2|LEVO|-73.0
2;2;2;2;2;2;2;1;1;0;0;1;1;0;0;2;0;0;1;1;0;0;0;0:Plavi;1;1;7;-1,-1:Crveni;2;2;9;2,7:2|POJEDI_11|-22.0
0;2;2;2;2;2;0;2;0;2;2;0;0;0;1;1;1;1;0;0;1;0;1;0:Plavi;1;0;6;-1,-1:Crveni;2;0;8;1,2:2|DESNO|-64.0
0;1;1;0;2;2;2;2;0;2;2;2;0;0;2;0;0;0;0;0;0;2;1;0:Plavi;1;0;3;-1,-1:Crveni;2;0;9;2,5:2|DESNO|-54.0
0;2;2;2;2;2;0;2;0;2;2;0;0;0;0;1;1;1;0;0;1;1;1;0:Plavi;1;0;6;1,2:Crveni;2;0;8;1,2:1|POJEDI_1|13.0
0;0;2;2;2;2;2;0;0;2;2;0;2;0;0;1;1;0;0;1;1;0;0;0:Plavi;1;0;4;-1,-1:Crveni;2;0;8;1,4:2|DESNO|-86.0
0;2;2;2;2;2;0;2;1;2;1;0;2;0;0;1;0;0;1;0;0;0;0;1:Plavi;1;0;5;-1,-1:Crveni;2;0;8;1,5:2|DESNO|-83.0
0;2;0;0;0;0;1;2;0;0;1;1;1;0;2;0;0;0;0;2;0;2;0;2:Plavi;1;0;8;2,7:Crveni;2;0;4;2,7:2|DOLE|27.0
0;2;0;2;2;2;2;2;0;2;1;0;0;1;2;0;0;1;1;1;2;0;0;0:Plavi;1;0;5;-1,-1:Crveni;2;0;9;2,4:2|LEVO|-83.0
2;0;2;2;2;0;0;2;0;2;0;2;0;2;0;1;0;0;1;1;0;0;1;1:Plavi;1;0;5;-1,-1:Crveni;2;0;8;1,5:2|LEVO|-59.0
2;2;2;0;0;2;0;0;0;1;1;0;0;0;0;0;0;1;0;0;0;1;0;0:Plavi;1;4;8;-1,-1:Crveni;2;5;9;2,1:2|POSTAVI_18|-21.0
1;0;2;0;0;1;0;1;0;2;1;1;0;2;2;0;0;0;0;2;0;2;0;0:Plavi;1;0;8;2,5:Crveni;2;0;3;2,5:2|SKOK_16|27.0
0;2;2;2;2;2;2;0;1;2;1;0;2;0;0;0;0;0;0;0;1;0;1;1:Plavi;1;0;5;-1,-1:Crveni;2;0;8;2,7:2|POJEDI_8|-5.0
2;2;1;1;1;2;2;0;2;0;1;1;1;0;0;0;0;0;0;1;2;0;0;2:Plavi;1;0;9;2,7:Crveni;2;0;7;1,0:1|POJEDI_0|-98.0
0;0;0;0;0;0;0;0;0;1;0;0;0;0;0;2;0;0;1;0;0;0;0;0:Plavi;1;7;9;-1,-1:Crveni;2;8;9;-1,-1:2|POSTAVI_0|0.0
0;2;0;0;0;0;0;1;0;2;1;1;1;0;2;2;0;0;0;2;0;2;0;0:Plavi;1;0;8;2,7:Crveni;2;0;4;2,5:2|LEVO|27.0
2;2;2;2;2;2;0;0;0;0;1;0;0;0;0;0;0;1;2;1;1;1;0;1:Plavi;1;1;7;-1,-1:Crveni;2;2;9;2,7:2|POSTAVI_6|-95.0
2;0;2;2;2;2;0;2;0;2;0;2;0;1;0;1;0;1;0;0;1;0;1;0:Plavi;1;0;5;-1,-1:Crveni;2;0;8;2,7:2|LEVO|-69.0
0;1;0;0;2;2;2;2;0;2;2;2;1;0;2;0;0;0;0;0;0;2;1;0:Plavi;1;0;3;-1,-1:Crveni;2;0;9;2,6:2|POJEDI_1|-980.0
2;0;0;0;0;0;0;0;0;1;0;0;0;0;0;2;0;0;1;1;0;0;0;0:Plavi;1;6;9;-1,-1:Crveni;2;7;9;2,7:2|POSTAVI_1|10.0
0;0;1;0;1;0;2;2;2;2;1;1;1;0;0;0;0;0;0;1;2;0;0;2:Plavi;1;0;9;2,7:Crveni;2;0;5;0,4:2|DESNO|61.0
0;0;2;2;2;2;2;0;1;2;2;0;0;2;0;0;0;1;0;0;0;0;1;0:Plavi;1;0;3;-1,-1:Crveni;2;0;8;2,6:2|POJEDI_8|-970.0
2;2;0;2;2;2;0;2;1;2;2;0;0;0;1;0;0;1;0;0;1;0;1;1:Plavi;1;0;6;-1,-1:Crveni;2;0;8;1,2:2|LEVO|-60.0
0;0;1;1;0;1;0;2;0;1;1;1;0;0;0;2;2;0;0;1;1;0;2;0:Plavi;1;0;4;2,6:Crveni;2;0;6;2,4:2|POJEDI_20|7.0
0;2;0;0;0;0;1;1;2;0;1;1;1;0;2;2;0;0;2;0;2;0;0;0:Plavi;1;0;8;2,7:Crveni;2;0;4;2,4:2|DESNO|8.0
1;1;1;0;0;0;0;0;0;0;0;0;0;0;0;2;0;0;0;0;0;0;0;2:Plavi;1;6;9;1,7:Crveni;2;6;8;-1,-1:1|POSTAVI_3|-28.0
2;0;1;1;1;2;0;0;0;0;0;1;0;0;0;0;0;0;0;1;2;0;0;2:Plavi;1;2;9;-1,-1:Crveni;2;3;7;0,0:2|POSTAVI_1|76.0
0;1;1;1;1;0;2;2;0;1;0;0;0;0;2;2;2;0;1;0;1;0;2;0:Plavi;1;0;7;2,4:Crveni;2;0;7;2,4:1|DESNO|-19.0
0;0;0;0;0;0;0;0;0;1;0;0;0;0;0;0;0;0;0;0;0;0;0;0:Plavi;1;8;9;-1,-1:Crveni;2;9;9;-1,-1:2|POSTAVI_5|1000.0
0;0;1;1;0;1;0;2;0;1;1;1;0;0;0;2;2;0;0;1;0;0;2;0:Plavi;1;0;3;2,6:Crveni;2;0;6;2,4:1|SKOK_0|-6.0
2;0;1;1;1;2;0;0;0;0;2;1;0;0;0;0;0;0;0;1;2;0;0;2:Plavi;1;3;9;-1,-1:Crveni;2;3;8;0,0:1|POJEDI_10|-67.0
1;2;0;0;0;1;1;0;0;2;1;1;0;2;2;0;0;0;0;2;0;2;0;0:Plavi;1;0;8;2,5:Crveni;2;0;3;2,5:2|SKOK_2|10.0
1;1;1;1;1;0;0;2;1;0;0;0;0;0;0;2;2;0;1;0;2;0;2;2:Plavi;1;1;8;2,6:Crveni;2;1;7;1,0:1|POJEDI_20|6.0
0;0;0;1;1;2;0;2;2;2;1;1;1;0;0;0;0;0;0;1;2;0;0;2:Plavi;1;0;9;2,7:Crveni;2;0;5;2,7:1|POJEDI_5|-64.0
2;2;2;2;2;2;0;0;0;2;2;0;0;1;0;1;1;1;0;0;1;0;1;0:Plavi;1;0;6;-1,-1:Crveni;2;0;8;2,7:2|DESNO|-38.0
0;0;1;1;0;0;0;2;2;2;1;1;1;0;2;0;0;0;2;0;2;0;0;0:Plavi;1;0;9;2,7:Crveni;2;0;4;2,4:2|DOLE|17.0
2;0;2;2;2;2;0;2;1;2;1;0;2;0;0;1;0;0;0;1;0;0;0;1:Plavi;1;0;5;-1,-1:Crveni;2;0;8;1,4:2|LEVO|-86.0
2;2;2;2;2;0;0;0;0;2;2;0;0;0;1;1;1;1;0;0;1;1;1;0:Plavi;1;0;7;-1,-1:Crveni;2;1;8;2,1:2|POSTAVI_5|-17.0
2;2;0;1;0;2;0;0;0;1;1;0;0;0;0;0;0;1;0;0;0;0;0;0:Plavi;1;5;9;-1,-1:Crveni;2;6;9;2,7:2|POSTAVI_2|-12.0
0;0;1;1;1;0;1;0;0;2;1;1;1;0;2;2;0;0;0;2;0;2;2;0:Plavi;1;0;8;2,7:Crveni;2;0;4;2,6:2|GORE|53.0
0;2;0;0;0;0;1;0;2;0;1;1;1;0;2;2;0;0;2;0;2;0;0;0:Plavi;1;0;8;2,7:Crveni;2;0;4;2,4:2|DOLE|8.0
1;1;1;1;1;0;0;2;0;0;0;0;0;0;0;2;2;0;1;0;1;0;2;2:Plavi;1;0;7;2,4:Crveni;2;0;7;2,4:1|DOLE|11.0
0;0;1;0;1;0;0;1;0;2;1;1;1;2;2;2;0;0;0;2;0;2;0;0:Plavi;1;0;8;2,7:Crveni;2;0;4;2,5:2|GORE|51.0
0;0;2;2;2;2;2;0;0;2;2;0;0;0;1;2;1;0;2;0;0;1;0;0:Plavi;1;0;3;-1,-1:Crveni;2;0;9;2,1:2|DESNO|-97.0
0;2;2;2;2;2;2;0;0;2;0;0;1;1;0;2;1;1;2;0;0;0;0;0:Plavi;1;0;4;-1,-1:Crveni;2;0;9;2,2:2|LEVO|-82.0
2;2;2;2;2;2;0;0;0;1;1;0;0;0;0;0;0;1;2;1;0;1;0;1:Plavi;1;2;8;-1,-1:Crveni;2;3;9;2,7:2|POJEDI_9|-29.0
2;2;2;2;0;0;0;0;0;1;0;1;1;0;0;2;0;0;1;1;0;0;0;0:Plavi;1;3;8;-1,-1:Crveni;2;4;9;2,7:2|POSTAVI_4|-33.0
2;2;2;2;2;0;0;0;1;0;0;1;1;0;0;2;0;0;1;1;0;0;0;0:Plavi;1;2;7;-1,-1:Crveni;2;3;9;2,3:2|POSTAVI_5|-49.0
0;0;2;2;2;2;2;0;0;2;2;0;0;1;1;2;1;1;2;0;0;0;0;0:Plavi;1;0;4;-1,-1:Crveni;2;0;9;2,2:2|DESNO|-88.0
2;0;0;0;1;1;1;1;0;2;1;1;0;2;2;0;0;0;0;2;0;2;0;0:Plavi;1;0;8;2,5:Crveni;2;0;3;2,5:2|SKOK_1|46.0
0;2;0;2;2;2;2;2;0;2;0;0;1;1;2;0;0;0;0;1;2;0;0;0:Plavi;1;0;3;-1,-1:Crveni;2;0;9;2,4:2|DOLE|-75.0
1;1;1;1;0;0;0;2;1;0;0;0;0;0;0;2;0;0;0;0;0;0;0;2:Plavi;1;4;9;1,0:Crveni;2;5;8;1,0:2|POJEDI_3|16.0
0;2;0;0;0;0;1;1;0;0;1;1;1;0;2;2;0;0;0;2;0;2;2;0:Plavi;1;0;8;2,7:Crveni;2;0;4;2,6:2|LEVO|34.0
1;0;0;1;0;1;0;1;0;1;1;1;0;0;0;2;2;0;0;1;0;0;2;0:Plavi;1;0;3;2,6:Crveni;2;0;6;1,2:2|POJEDI_0|-1005.0
0;2;0;2;2;2;2;0;1;2;2;0;0;2;0;0;0;1;0;0;0;0;1;0:Plavi;1;0;3;-1,-1:Crveni;2;0;8;1,4:2|LEVO|-1033.0
1;0;2;0;0;0;1;1;0;2;2;0;1;2;0;0;2;0;0;2;0;2;0;0:Plavi;1;0;8;2,5:Crveni;2;0;3;1,4:1|POJEDI_2|-1015.0
0;1;0;1;1;0;2;1;0;0;1;0;0;0;2;2;2;0;1;0;1;0;2;0:Plavi;1;0;6;2,4:Crveni;2;0;7;2,4:1|LEVO|-5.0
0;0;1;0;1;0;0;2;2;2;1;1;1;0;2;0;0;0;0;2;2;0;0;0:Plavi;1;0;9;2,7:Crveni;2;0;4;2,4:2|DESNO|46.0
0;0;0;0;0;0;0;0;0;0;0;0;0;0;0;0;0;0;0;0;0;1;0;0:Plavi;1;8;9;-1,-1:Crveni;2;9;9;-1,-1:2|POSTAVI_0|1000.0
0;2;2;2;2;2;0;2;1;2;0;1;2;0;0;1;0;0;0;0;1;0;1;0:Plavi;1;0;5;-1,-1:Crveni;2;0;8;1,4:2|DESNO|-83.0
0;0;2;0;1;1;0;2;0;1;1;1;0;1;0;2;2;0;0;1;1;0;2;0:Plavi;1;0;5;2,4:Crveni;2;0;7;2,4:2|POJEDI_13|-15.0
2;2;2;2;2;0;0;0;0;2;2;0;0;1;1;0;1;1;0;0;1;1;1;0:Plavi;1;1;8;-1,-1:Crveni;2;2;8;2,1:2|POJEDI_13|-22.0
2;0;2;2;2;2;0;2;0;2;0;2;0;0;0;0;0;1;0;0;1;1;1;1:Plavi;1;0;5;1,3:Crveni;2;0;8;2,7:1|POJEDI_0|37.0
2;0;2;2;2;2;2;0;0;2;0;1;2;0;0;1;0;0;0;0;1;0;1;0:Plavi;1;0;4;-1,-1:Crveni;2;0;8;2,7:2|LEVO|-90.0
2;0;0;0;0;0;0;0;0;0;2;0;0;0;0;0;1;0;0;0;1;1;1;0:Plavi;1;5;9;-1,-1:Crveni;2;6;8;2,7:2|POSTAVI_1|48.0
0;0;2;0;2;1;0;2;0;1;1;1;0;1;0;2;2;0;0;1;1;0;2;0:Plavi;1;0;5;2,4:Crveni;2;0;7;2,4:1|POJEDI_4|-11.0
0;2;0;2;2;2;2;0;0;2;2;0;1;0;1;2;1;1;2;0;0;0;0;0:Plavi;1;0;4;-1,-1:Crveni;2;0;9;2,2:2|LEVO|-92.0
2;2;2;0;0;0;0;0;0;2;2;0;0;1;0;0;1;1;0;0;1;1;1;0:Plavi;1;2;8;-1,-1:Crveni;2;3;8;2,1:2|POSTAVI_3|27.0
2;2;2;2;2;2;2;1;1;0;1;0;1;0;0;2;0;0;1;1;2;0;0;0:Plavi;1;0;6;-1,-1:Crveni;2;0;9;2,7:2|DOLE|-96.0
2;0;2;2;2;2;0;2;0;2;2;0;0;0;1;1;0;1;0;0;1;0;1;1:Plavi;1;0;6;-1,-1:Crveni;2;0;8;1,2:2|DESNO|-63.0
0;0;2;0;2;2;2;2;0;2;2;0;0;0;2;0;0;1;1;1;0;2;0;0:Plavi;1;0;3;-1,-1:Crveni;2;0;9;2,4:2|LEVO|-65.0
2;2;1;1;1;2;0;0;0;0;1;1;0;0;0;0;0;0;0;1;2;0;0;2:Plavi;1;1;9;-1,-1:Crveni;2;2;7;2,6:2|POSTAVI_6|86.0
0;0;0;1;0;2;0;0;0;0;0;1;0;0;0;0;0;0;0;1;2;2;0;0:Plavi;1;6;9;-1,-1:Crveni;2;6;9;-1,-1:1|POJEDI_21|-22.0
0;0;1;2;0;0;1;0;0;2;1;1;1;0;2;2;0;0;0;2;0;2;0;0:Plavi;1;0;8;2,7:Crveni;2;0;4;2,5:2|LEVO|27.0
0;2;1;1;1;2;0;2;2;0;1;1;0;1;0;0;0;0;0;1;2;0;0;2:Plavi;1;0;9;2,7:Crveni;2;0;6;1,0:2|DOLE|78.0
2;2;1;1;1;2;2;0;1;0;1;1;1;0;0;0;0;0;0;1;2;0;0;2:Plavi;1;0;9;-1,-1:Crveni;2;1;7;2,6:2|POJEDI_8|-4.0
0;1;0;2;2;2;2;2;1;2;2;0;0;0;2;0;0;0;0;0;0;2;1;0:Plavi;1;0;3;-1,-1:Crveni;2;0;9;2,5:2|DOLE|-65.0
1;0;1;1;1;0;2;2;0;1;0;0;0;0;2;2;2;0;1;0;1;0;2;0:Plavi;1;0;7;2,4:Crveni;2;0;7;2,4:1|POJEDI_7|-4.0
0;2;2;2;2;2;0;2;0;2;0;2;0;0;1;1;0;1;0;0;1;0;1;0:Plavi;1;0;5;-1,-1:Crveni;2;0;8;1,3:2|DESNO|-83.0
0;0;0;1;1;0;2;1;2;1;1;0;0;0;0;2;2;0;0;1;1;0;2;0:Plavi;1;0;6;2,4:Crveni;2;0;7;2,4:1|DOLE|2.0
2;2;2;1;0;2;0;0;0;1;1;0;0;0;0;0;0;1;0;0;0;0;0;0:Plavi;1;5;9;-1,-1:Crveni;2;6;9;2,1:2|POJEDI_3|-2.0
0;2;2;2;2;2;0;2;0;2;0;2;0;0;0;1;0;1;0;0;1;1;1;0:Plavi;1;0;5;1,3:Crveni;2;0;8;1,3:1|POJEDI_1|34.0
0;2;1;1;1;2;2;0;2;0;1;1;1;0;0;0;0;0;0;1;2;0;0;2:Plavi;1;0;9;2,7:Crveni;2;0;6;1,0:2|LEVO|107.0
0;1;0;1;1;0;2;1;2;1;0;0;0;0;2;0;2;0;1;0;1;0;2;0:Plavi;1;0;6;2,4:Crveni;2;0;7;2,4:1|LEVO|-25.0
0;0;0;0;0;1;2;1;0;1;1;1;0;0;2;0;2;0;0;1;1;0;2;0:Plavi;1;0;6;2,4:Crveni;2;0;7;2,4:1|DOLE|-5.0
2;2;2;0;0;2;0;0;0;1;1;0;0;0;0;0;0;1;2;1;0;1;0;0:Plavi;1;3;8;-1,-1:Crveni;2;4;9;2,1:2|POSTAVI_3|-28.0
0;2;0;2;2;2;2;0;0;2;2;0;2;0;0;1;1;0;0;1;0;1;0;0:Plavi;1;0;4;-1,-1:Crveni;2;0;8;1,4:2|LEVO|-90.0
2;2;2;2;2;0;0;0;0;1;0;1;1;0;0;2;0;0;1;1;0;0;0;0:Plavi;1;3;8;-1,-1:Crveni;2;4;9;2,3:2|POJEDI_9|-2.0
0;0;2;2;2;2;2;2;0;2;1;0;0;1;2;0;0;1;1;1;2;0;0;0:Plavi;1;0;5;-1,-1:Crveni;2;0;9;2,3:2|POJEDI_10|-5.0
2;0;0;1;0;2;0;0;0;1;0;0;0;0;0;0;0;1;0;0;0;0;0;0:Plavi;1;6;9;-1,-1:Crveni;2;7;9;2,7:2|POSTAVI_1|0.0
2;0;0;0;0;1;0;1;0;2;1;1;1;0;2;2;0;0;0;2;0;2;0;0:Plavi;1;0;8;2,7:Crveni;2;0;4;2,5:2|LEVO|27.0
1;0;1;1;1;2;0;0;0;0;2;1;0;0;0;0;0;0;0;1;2;0;0;2:Plavi;1;3;9;-1,-1:Crveni;2;4;8;-1,-1:2|POJEDI_0|6.0
0;0;2;2;2;2;2;2;0;2;0;1;0;1;2;0;0;1;1;0;2;0;0;0:Plavi;1;0;4;-1,-1:Crveni;2;0;9;2,3:2|DESNO|-78.0
0;0;0;0;1;1;1;0;0;2;1;1;1;0;2;2;0;0;0;2;0;2;2;0:Plavi;1;0;8;2,6:Crveni;2;0;4;2,6:1|POJEDI_9|-64.0
0;0;2;2;2;2;2;0;0;2;2;0;0;0;0;2;1;0;2;0;0;1;0;1:Plavi;1;0;3;-1,-1:Crveni;2;0;9;2,7:2|POJEDI_16|-955.0
2;2;2;2;2;2;0;1;1;0;0;1;1;0;0;2;0;0;1;1;0;0;0;0:Plavi;1;1;7;-1,-1:Crveni;2;2;9;2,7:2|POSTAVI_6|-81.0
0;2;0;0;1;0;0;1;2;0;1;1;1;0;2;2;0;0;2;0;2;0;0;0:Plavi;1;0;8;2,7:Crveni;2;0;4;2,4:2|DOLE|8.0
1;0;0;0;0;0;2;2;0;1;1;1;0;1;0;2;2;0;0;1;1;0;2;0:Plavi;1;0;6;2,4:Crveni;2;0;7;2,4:1|POJEDI_6|-1.0
2;0;2;2;2;2;0;2;0;2;0;2;0;0;1;0;0;1;0;0;1;0;1;1:Plavi;1;0;5;-1,-1:Crveni;2;0;8;1,3:2|LEVO|-69.0
0;0;2;0;2;2;2;2;1;2;2;1;0;0;2;0;0;0;0;0;0;2;1;0:Plavi;1;0;3;-1,-1:Crveni;2;0;9;2,5:2|LEVO|-65.0
0;0;2;0;0;0;1;0;0;2;1;1;1;2;2;0;0;0;0;2;0;2;0;0:Plavi;1;0;8;2,5:Crveni;2;0;3;2,5:2|SKOK_0|46.0
0;0;0;0;1;1;0;0;2;2;1;1;1;0;2;2;0;0;2;0;2;0;0;0:Plavi;1;0;8;2,7:Crveni;2;0;4;2,4:2|GORE|8.0
0;0;0;0;0;0;0;0;0;0;0;1;0;0;0;0;0;0;0;0;0;0;0;0:Plavi;1;8;9;-1,-1:Crveni;2;9;9;-1,-1:2|POSTAVI_5|1000.0
0;2;2;2;2;2;2;0;0;2;0;0;1;1;0;2;1;1;2;0;0;0;0;0:Plavi;1;0;4;-1,-1:Crveni;2;0;9;2,2:2|DESNO|-96.0
0;0;0;0;1;1;0;0;0;2;1;1;1;2;2;2;0;0;0;2;0;2;0;0:Plavi;1;0;8;2,5:Crveni;2;0;3;2,5:2|SKOK_2|36.0
1;0;0;0;0;0;1;2;0;1;1;1;0;1;0;2;2;0;0;1;1;0;2;0:Plavi;1;0;6;2,6:Crveni;2;0;7;2,4:2|POJEDI_0|-10.0
0;2;2;0;2;2;2;2;0;0;1;2;0;1;2;1;0;1;1;1;0;2;0;0:Plavi;1;0;6;-1,-1:Crveni;2;0;9;2,4:2|DOLE|-79.0
0;0;0;1;1;2;0;2;2;2;1;1;1;0;0;0;0;0;0;1;2;0;0;2:Plavi;1;0;9;2,7:Crveni;2;0;5;0,4:2|LEVO|63.0
0;0;2;2;2;2;2;0;0;2;2;0;1;0;1;2;1;1;2;0;0;0;0;0:Plavi;1;0;4;-1,-1:Crveni;2;0;9;2,1:2|POJEDI_12|-12.0
0;0;1;1;0;0;0;0;2;2;1;1;1;0;2;2;0;0;2;0;2;0;0;0:Plavi;1;0;9;2,7:Crveni;2;0;4;2,4:2|POJEDI_3|-22.0
2;0;2;2;2;2;2;0;0;0;2;0;2;0;0;1;0;0;0;1;1;0;1;0:Plavi;1;0;4;-1,-1:Crveni;2;0;8;2,7:2|LEVO|-97.0
0;2;0;0;1;1;0;0;0;0;1;1;1;0;2;2;0;0;0;2;0;2;0;2:Plavi;1;0;8;2,7:Crveni;2;0;4;2,7:2|GORE|37.0
0;0;1;1;0;0;0;2;2;2;1;1;1;2;0;0;0;0;0;2;2;0;0;0:Plavi;1;0;9;2,7:Crveni;2;0;4;2,4:2|LEVO|39.0
0;2;2;0;2;2;2;2;0;1;1;2;0;1;2;1;0;0;1;1;2;0;0;0:Plavi;1;0;6;-1,-1:Crveni;2;0;9;2,4:2|LEVO|-76.0
0;0;0;1;0;2;0;0;0;0;0;1;0;0;0;0;0;0;0;1;1;2;0;0:Plavi;1;6;9;-1,-1:Crveni;2;7;9;-1,-1:2|POJEDI_20|-4.0
0;0;1;0;1;1;0;1;2;2;1;1;1;0;2;0;0;0;2;0;2;0;0;2:Plavi;1;0;8;2,7:Crveni;2;0;4;2,4:2|DESNO|68.0
2;2;2;2;2;2;2;1;1;0;0;1;1;0;0;2;0;0;1;1;0;0;0;0:Plavi;1;0;6;-1,-1:Crveni;2;1;9;2,7:2|POSTAVI_20|-100.0
2;0;0;0;0;0;0;0;0;0;0;0;0;0;0;0;0;0;0;0;1;1;0;0:Plavi;1;7;9;-1,-1:Crveni;2;8;9;2,7:2|POSTAVI_1|10.0
0;0;1;1;0;1;0;1;2;2;1;1;1;0;2;2;0;0;2;0;2;0;0;0:Plavi;1;0;8;2,7:Crveni;2;0;4;2,4:2|DOLE|36.0
2;0;2;2;2;2;0;2;1;2;2;0;0;0;1;0;0;1;0;0;1;0;1;1:Plavi;1;0;6;-1,-1:Crveni;2;0;8;2,7:2|POJEDI_8|-12.0
2;2;0;0;0;0;0;0;0;2;2;0;0;0;0;1;1;1;0;0;1;1;1;0:Plavi;1;3;9;-1,-1:Crveni;2;4;8;2,7:2|POSTAVI_2|26.0
0;0;1;0;1;2;0;2;2;2;1;1;1;0;0;0;0;0;0;1;2;0;0;2:Plavi;1;0;9;2,7:Crveni;2;0;5;2,7:2|POJEDI_19|-4.0
2;2;2;2;2;2;2;0;0;0;1;0;0;0;0;0;0;1;2;1;1;1;0;1:Plavi;1;1;7;-1,-1:Crveni;2;2;9;2,6:2|POJEDI_10|-9.0
0;2;2;2;2;2;2;0;0;2;0;1;0;0;1;2;1;1;2;0;0;0;0;0:Plavi;1;0;4;-1,-1:Crveni;2;0;9;2,2:2|DESNO|-96.0
0;0;1;1;1;0;1;1;2;2;1;1;1;0;2;0;0;0;0;2;2;0;2;0:Plavi;1;0;8;2,7:Crveni;2;0;4;2,4:2|LEVO|73.0
2;0;2;2;2;2;0;2;0;2;0;2;0;0;1;1;0;0;1;0;1;0;1;0:Plavi;1;0;5;-1,-1:Crveni;2;0;8;1,3:2|LEVO|-86.0
2;0;2;2;2;2;2;2;0;2;0;0;0;1;0;0;1;1;2;1;0;0;0;0:Plavi;1;0;4;-1,-1:Crveni;2;0;9;2,2:2|DOLE|-124.0
0;0;0;1;1;1;0;1;2;2;1;1;1;0;2;0;0;0;2;0;2;0;2;0:Plavi;1;0;8;2,7:Crveni;2;0;4;2,4:2|LEVO|61.0
1;1;1;1;1;0;0;2;1;0;0;0;0;0;0;2;2;0;1;0;1;0;2;2:Plavi;1;0;8;2,4:Crveni;2;1;7;2,4:2|POJEDI_8|9.0
1;0;1;1;1;0;0;2;0;1;0;0;0;0;2;0;2;0;1;0;1;0;2;2:Plavi;1;0;7;2,4:Crveni;2;0;7;2,4:1|LEVO|0.0
0;0;1;0;1;2;0;2;2;2;1;1;1;0;0;0;0;0;0;2;2;0;0;0:Plavi;1;0;9;2,7:Crveni;2;0;4;2,7:2|DOLE|63.0
0;0;0;1;0;2;0;0;0;1;0;0;0;0;0;0;0;0;0;0;0;0;0;0:Plavi;1;7;9;-1,-1:Crveni;2;8;9;2,7:2|POSTAVI_0|0.0
0;0;0;0;1;0;1;0;0;2;1;1;1;0;2;2;0;0;0;2;0;2;0;2:Plavi;1;0;8;2,7:Crveni;2;0;4;2,7:2|GORE|34.0
0;0;2;2;2;2;2;2;0;2;0;0;1;1;2;0;0;1;1;0;2;0;0;0:Plavi;1;0;4;-1,-1:Crveni;2;0;9;2,4:2|POJEDI_17|-5.0
0;0;0;0;0;1;0;2;0;2;1;1;1;0;2;0;0;0;0;2;0;2;0;2:Plavi;1;0;8;2,7:Crveni;2;0;4;2,7:2|GORE|27.0
0;0;2;0;2;2;2;2;0;2;2;1;0;0;2;0;0;0;1;0;0;2;1;0:Plavi;1;0;3;-1,-1:Crveni;2;0;9;2,5:2|LEVO|-65.0
0;2;2;2;2;2;2;0;0;0;2;0;2;0;0;1;0;0;0;1;1;0;0;1:Plavi;1;0;4;-1,-1:Crveni;2;0;8;1,4:2|DOLE|-97.0
2;0;2;2;2;2;0;2;0;2;2;0;0;1;0;0;0;1;0;0;1;0;1;1:Plavi;1;0;5;-1,-1:Crveni;2;0;8;2,7:2|LEVO|-59.0
2;2;0;0;0;0;0;0;0;0;0;0;0;0;0;0;1;0;0;0;1;1;0;0:Plavi;1;6;9;-1,-1:Crveni;2;7;9;2,7:2|POSTAVI_10|0.0
0;2;2;2;2;0;0;2;0;2;0;2;0;2;1;0;0;0;1;1;0;0;1;1:Plavi;1;0;5;-1,-1:Crveni;2;0;8;1,3:2|DESNO|-59.0
0;2;2;2;2;0;0;2;1;2;0;1;2;2;0;1;0;0;1;0;0;0;0;1:Plavi;1;0;5;-1,-1:Crveni;2;0;8;1,5:2|GORE|-66.0
0;0;2;0;2;2;2;2;0;2;1;2;1;0;2;1;0;1;1;1;0;2;0;0:Plavi;1;0;6;-1,-1:Crveni;2;0;9;2,5:2|GORE|-78.0
2;0;0;0;0;1;0;1;2;0;1;1;1;0;2;2;0;0;2;0;2;0;0;0:Plavi;1;0;8;2,7:Crveni;2;0;4;2,4:2|LEVO|8.0
0;0;0;0;0;0;1;2;0;1;1;1;0;1;0;2;2;0;0;1;1;0;2;0:Plavi;1;0;5;2,6:Crveni;2;0;7;2,4:1|DESNO|14.0
0;0;0;0;0;2;0;0;0;0;0;1;0;0;0;0;0;0;0;1;0;0;0;0:Plavi;1;7;9;-1,-1:Crveni;2;8;9;-1,-1:2|POSTAVI_21|10.0
1;2;0;0;0;1;0;0;0;0;1;1;1;0;2;2;0;0;0;2;0;2;0;2:Plavi;1;0;8;2,7:Crveni;2;0;4;2,6:2|DOLE|37.0
2;0;2;2;2;0;0;2;1;2;0;0;2;2;0;1;0;0;1;1;0;0;0;1:Plavi;1;0;5;-1,-1:Crveni;2;0;8;1,5:2|LEVO|-59.0
0;0;0;0;1;1;0;2;0;2;1;1;1;2;2;2;0;0;0;2;0;2;0;0:Plavi;1;0;8;2,5:Crveni;2;0;4;2,5:1|POJEDI_7|-28.0
0;0;0;0;1;1;0;1;0;2;1;1;1;2;2;2;0;0;0;2;0;2;0;0:Plavi;1;0;8;2,7:Crveni;2;0;4;2,5:2|POJEDI_7|6.0
0;0;2;0;2;2;2;2;0;2;2;0;0;0;2;0;1;1;1;0;0;2;0;0:Plavi;1;0;3;-1,-1:Crveni;2;0;9;2,4:1|POJEDI_2|39.0
2;0;2;2;2;2;2;2;0;2;0;1;0;1;0;0;1;1;2;0;1;0;0;0:Plavi;1;0;5;-1,-1:Crveni;2;0;9;2,2:2|POJEDI_20|-12.0
0;2;0;1;1;2;0;2;2;2;1;1;1;0;0;0;0;0;0;1;2;0;0;2:Plavi;1;0;9;2,7:Crveni;2;0;6;0,4:1|POJEDI_1|-72.0
0;0;2;0;1;1;0;2;0;1;1;1;0;0;0;2;2;0;0;1;1;0;2;0:Plavi;1;0;4;2,4:Crveni;2;0;7;2,4:1|DESNO|11.0
2;2;0;0;0;0;0;0;0;1;0;0;1;0;0;2;0;0;1;1;0;0;0;0:Plavi;1;5;9;-1,-1:Crveni;2;6;9;2,7:2|POSTAVI_2|-22.0
0;2;2;2;2;2;0;2;0;2;0;2;0;0;1;0;0;0;1;0;1;0;1;1:Plavi;1;0;5;-1,-1:Crveni;2;0;8;1,3:2|DESNO|-83.0
0;2;0;0;0;1;1;1;0;2;1;1;1;2;2;0;0;0;0;2;0;2;0;0:Plavi;1;0;8;2,5:Crveni;2;0;3;2,5:1|POJEDI_1|-1023.0
2;2;2;2;2;2;2;2;0;1;0;0;0;0;0;0;0;1;2;1;1;1;0;1:Plavi;1;0;6;-1,-1:Crveni;2;1;9;2,7:2|POJEDI_9|-12.0
1;1;1;0;0;0;0;2;1;0;0;0;0;0;0;2;0;0;0;0;0;0;0;2:Plavi;1;4;8;1,0:Crveni;2;4;8;1,0:1|POSTAVI_3|-7.0
2;2;2;0;0;0;0;0;0;1;0;1;1;0;0;2;0;0;1;0;0;0;0;0:Plavi;1;4;8;-1,-1:Crveni;2;5;9;2,7:2|POSTAVI_3|-28.0
0;2;2;2;2;2;2;0;0;0;2;0;1;0;1;2;1;1;2;0;0;0;0;0:Plavi;1;0;4;-1,-1:Crveni;2;0;9;2,2:2|DOLE|-89.0
2;2;2;2;0;0;0;0;0;2;2;0;0;1;1;0;1;1;0;0;1;1;1;0:Plavi;1;1;8;-1,-1:Crveni;2;2;8;2,7:2|POSTAVI_4|2.0
0;2;0;1;2;2;2;2;0;2;2;0;0;0;2;0;0;0;1;1;2;0;0;0:Plavi;1;0;3;-1,-1:Crveni;2;0;9;2,4:2|LEVO|-58.0
1;0;0;0;1;0;1;0;2;2;1;1;1;0;2;2;0;0;2;0;2;0;0;0:Plavi;1;0;8;2,7:Crveni;2;0;4;2,4:2|GORE|8.0
2;2;2;2;2;2;2;2;0;0;0;0;0;0;0;0;1;1;2;1;1;1;0;0:Plavi;1;0;5;-1,-1:Crveni;2;0;9;2,7:2|DOLE|-141.0
1;0;1;0;1;2;1;0;0;2;1;1;1;0;2;2;0;0;0;2;0;2;0;0:Plavi;1;0;8;2,7:Crveni;2;0;4;2,5:2|DOLE|34.0
0;2;2;2;2;2;0;2;0;2;0;2;0;0;1;0;0;1;0;1;0;0;1;1:Plavi;1;0;5;-1,-1:Crveni;2;0;8;1,3:2|DOLE|-52.0
0;0;0;0;0;1;1;0;0;2;1;1;1;0;2;2;0;0;0;2;0;2;2;0:Plavi;1;0;8;2,7:Crveni;2;0;4;2,6:2|GORE|17.0
0;0;0;0;0;0;0;0;0;0;0;0;0;0;0;0;0;0;1;0;0;0;0;0:Plavi;1;8;9;-1,-1:Crveni;2;9;9;-1,-1:2|POSTAVI_15|1000.0
1;1;1;0;0;0;0;2;0;0;0;0;0;0;0;2;0;0;0;0;0;0;0;0:Plavi;1;7;9;1,7:Crveni;2;7;9;-1,-1:1|POJEDI_7|-12.0
0;2;0;0;0;0;1;1;2;0;1;1;1;0;2;2;0;0;2;0;2;0;0;0:Plavi;1;0;8;2,7:Crveni;2;0;4;2,4:2|DOLE|8.0
1;1;0;0;0;0;0;2;0;0;0;0;0;0;0;2;0;0;0;0;0;0;0;0:Plavi;1;7;9;2,7:Crveni;2;7;9;-1,-1:1|POSTAVI_2|-22.0
2;0;2;2;2;2;2;2;0;2;0;0;0;1;0;0;1;1;2;1;1;0;0;0:Plavi;1;0;5;-1,-1:Crveni;2;0;9;0,7:2|LEVO|-122.0
0;2;2;2;2;2;0;2;1;2;1;0;2;0;0;1;0;0;0;0;1;0;0;1:Plavi;1;0;5;-1,-1:Crveni;2;0;8;1,4:2|DESNO|-83.0
0;2;2;2;2;2;0;2;1;2;1;0;2;0;0;0;0;0;0;0;1;0;1;1:Plavi;1;0;5;-1,-1:Crveni;2;0;8;1,4:2|DESNO|-81.0
2;0;0;1;0;1;1;1;0;2;1;0;1;2;2;0;0;0;0;2;0;2;0;0:Plavi;1;0;8;2,5:Crveni;2;0;3;2,5:2|SKOK_1|44.0
0;0;1;1;0;2;0;0;0;0;2;1;0;0;0;0;0;0;0;1;2;0;0;0:Plavi;1;4;9;-1,-1:Crveni;2;5;8;-1,-1:2|POSTAVI_23|55.0
0;0;2;1;2;2;2;2;0;2;2;0;0;0;2;0;0;1;1;0;2;0;0;0:Plavi;1;0;3;-1,-1:Crveni;2;0;9;2,4:2|LEVO|-55.0
1;0;1;1;1;0;2;1;0;1;0;0;0;0;2;2;2;0;1;0;1;0;2;0:Plavi;1;0;7;2,4:Crveni;2;0;7;2,4:2|POJEDI_0|15.0
1;0;1;1;1;0;1;0;2;2;1;1;1;0;2;0;0;0;0;2;0;2;2;0:Plavi;1;0;8;2,7:Crveni;2;0;4;2,4:2|DESNO|56.0
0;2;0;1;0;1;1;0;0;0;1;1;1;0;2;2;0;0;0;2;0;2;2;0:Plavi;1;0;8;2,7:Crveni;2;0;4;2,6:2|DOLE|37.0
0;0;0;0;0;1;0;1;2;2;1;1;1;0;2;2;0;0;2;0;2;0;0;0:Plavi;1;0;8;2,7:Crveni;2;0;4;2,4:2|GORE|8.0
2;2;2;0;2;2;2;1;1;0;1;2;0;1;0;2;0;0;1;1;2;0;0;0:Plavi;1;0;6;-1,-1:Crveni;2;0;9;2,7:2|DESNO|-95.0
2;0;2;2;2;0;0;2;1;2;0;2;0;2;0;1;0;0;1;1;0;0;1;0:Plavi;1;0;5;-1,-1:Crveni;2;0;8;1,5:2|LEVO|-59.0
0;0;0;0;0;0;0;0;0;0;0;0;0;0;0;0;0;0;0;0;0;0;0;0:Plavi;1;9;9;-1,-1:Crveni;2;9;9;-1,-1:1|POSTAVI_0|0.0
0;0;0;2;2;2;2;2;0;2;2;1;0;0;2;0;0;0;1;1;0;2;0;0:Plavi;1;0;3;-1,-1:Crveni;2;0;9;2,5:2|DESNO|-65.0
2;0;2;2;2;2;2;0;0;2;1;0;0;0;1;2;1;1;2;0;0;0;0;0:Plavi;1;0;4;-1,-1:Crveni;2;0;9;2,2:2|LEVO|-102.0
1;0;2;0;0;0;1;1;0;2;1;0;1;2;0;0;2;0;0;2;0;2;0;0:Plavi;1;0;8;2,5:Crveni;2;0;3;2,5:2|POJEDI_10|-977.0
0;0;2;1;0;1;0;2;0;1;1;1;0;0;0;2;2;0;0;1;1;0;2;0:Plavi;1;0;4;2,4:Crveni;2;0;6;2,4:1|POJEDI_2|9.0
